0000000000000000
0000000000000000
fffffffffffffffc
0000000000000056
0000000000000020
0000000000000017
0000000000000001
0000000000000001
fffffffffffffff2
ffffffffffffffbc
0000000000000078
ffffffffffffffbf
0000000000000001
0000000000000000
0000000000000000
0000000000000000
00000000000000c0
0000000000000042
0000000000000008
ffffffffffffffb0
ffffffffffffffed
0000000000000000
0000000000000001
0000000000000001
0000000000000000
000000000000005a
0000000000000030
0000000000000004
0000000000000005
0000000000000000
0000000000000077
0000000000000044
0000000000000001
000000000000004a
000000000000007a
000000000000005b
0000000000000000
0000000000000001
ffffffffffffffcf
0000000000000014
0000000000000010
0000000000000000
ffffffffffffffeb
0000000000000001
0000000000000000
ffffffffffffffaa
0000000000000068
0000000000000000
000000000000005f
0000000000000000
0000000000000000
0000000000000001
0000000000000000
0000000000000000
